function d_hdDot_ddq = d_hdDot_ddq_y(in1,in2)
%D_HDDOT_DDQ_Y
%    D_HDDOT_DDQ = D_HDDOT_DDQ_Y(IN1,IN2)

%    This function was generated by the Symbolic Math Toolbox version 8.0.
%    01-Dec-2018 17:41:10

alphaR = in1(4,:);
betaR = in1(5,:);
phi = in1(3,:);
t3 = betaR.*(1.0./2.0);
t2 = alphaR+phi+t3;
t4 = t2.^2;
t5 = t4.^2;
t6 = t5.^2;
t7 = alphaR.*3.55854698919248;
t8 = betaR.*1.77927349459624;
t9 = phi.*3.55854698919248;
t10 = t5.*7.748176032617379e3;
t11 = t2.*t5.*4.641695656188496e4;
t12 = t6.*5.902278177501738e6;
t13 = t2.*t4.*t6.*8.083907745987365e7;
t14 = t4.*(-3.59020474280434e1)+t7+t8+t9+t10+t11+t12+t13-t2.*t4.*1.374995230520945e3-t2.*t6.*7.948705616522999e6-t4.*t5.*3.528012989923517e5-t4.*t6.*3.38727601936125e7-t2.*t4.*t5.*2.075572978568049e5+1.851290877078436e-2;
d_hdDot_ddq = [0.0,0.0,t14,t14,alphaR.*1.77927349459624+betaR.*8.896367472981199e-1+phi.*1.77927349459624-t4.*1.79510237140217e1+t5.*3.874088016308689e3+t6.*2.951139088750869e6-t2.*t4.*6.874976152604725e2+t2.*t5.*2.320847828094248e4-t2.*t6.*3.9743528082615e6-t4.*t5.*1.764006494961758e5-t4.*t6.*1.693638009680625e7-t2.*t4.*t5.*1.037786489284025e5+t2.*t4.*t6.*4.041953872993683e7+9.256454385392179e-3,0.0,0.0];
