function d_hdDot_ddq = d_hdDot_ddq_alphaR(in1,in2)
%D_HDDOT_DDQ_ALPHAR
%    D_HDDOT_DDQ = D_HDDOT_DDQ_ALPHAR(IN1,IN2)

%    This function was generated by the Symbolic Math Toolbox version 8.0.
%    01-Dec-2018 16:56:26

alphaR = in1(4,:);
betaR = in1(5,:);
phi = in1(3,:);
t3 = betaR.*(1.0./2.0);
t2 = alphaR+phi+t3;
t4 = t2.^2;
t5 = t4.^2;
t6 = t5.^2;
t7 = alphaR.*4.581982493514116;
t8 = betaR.*2.290991246757058;
t9 = phi.*4.581982493514116;
t10 = t4.*1.693701456264893e2;
t11 = t2.*t4.*2.479692464048505e2;
t12 = t4.*t5.*4.115930890267389e5;
t13 = t2.*t6.*1.151186151109126e7;
t14 = t4.*t6.*3.536206083025036e7;
t15 = t5.*(-1.172889741961218e4)-t6.*6.349385400842214e6+t7+t8+t9+t10+t11+t12+t13+t14-t2.*t5.*5.827370309263253e3-t2.*t4.*t5.*3.895223709867125e5-t2.*t4.*t6.*8.429243487375871e7-1.516776637355894e-1;
d_hdDot_ddq = [0.0,0.0,t15,t15,alphaR.*2.290991246757058+betaR.*1.145495623378529+phi.*2.290991246757058+t4.*8.468507281324464e1-t5.*5.864448709806092e3-t6.*3.174692700421107e6+t2.*t4.*1.239846232024253e2-t2.*t5.*2.913685154631626e3+t2.*t6.*5.755930755545631e6+t4.*t5.*2.057965445133694e5+t4.*t6.*1.768103041512518e7-t2.*t4.*t5.*1.947611854933562e5-t2.*t4.*t6.*4.214621743687936e7-7.583883186779468e-2,0.0,0.0];
