function d_hdDot_ddq = d_hdDot_ddq_alphaL(in1,in2)
%D_HDDOT_DDQ_ALPHAL
%    D_HDDOT_DDQ = D_HDDOT_DDQ_ALPHAL(IN1,IN2)

%    This function was generated by the Symbolic Math Toolbox version 8.0.
%    01-Dec-2018 16:56:28

alphaR = in1(4,:);
betaR = in1(5,:);
phi = in1(3,:);
t3 = betaR.*(1.0./2.0);
t2 = alphaR+phi+t3;
t4 = t2.^2;
t5 = t4.^2;
t6 = t5.^2;
t7 = t4.*1.050876906752897e3;
t8 = t2.*t4.*1.536615513903077e3;
t9 = t4.*t5.*1.728466338339869e6;
t10 = t2.*t4.*t5.*3.621331400071544e4;
t11 = t2.*t6.*1.300784955911084e7;
t12 = t4.*t6.*1.224783879606145e8;
t13 = alphaR.*(-1.549158094942744e1)-betaR.*7.745790474713721-phi.*1.549158094942744e1-t5.*6.0122468789206e4-t6.*2.363543282469634e7+t7+t8+t9+t10+t11+t12-t2.*t5.*4.330709715700727e4-t2.*t4.*t6.*1.233010401595377e8-7.049863990769837;
d_hdDot_ddq = [0.0,0.0,t13,t13,alphaR.*(-7.745790474713721)-betaR.*3.872895237356861-phi.*7.745790474713721+t4.*5.254384533764484e2-t5.*3.0061234394603e4-t6.*1.181771641234817e7+t2.*t4.*7.683077569515385e2-t2.*t5.*2.165354857850363e4+t2.*t6.*6.503924779555422e6+t4.*t5.*8.642331691699345e5+t4.*t6.*6.123919398030727e7+t2.*t4.*t5.*1.810665700035772e4-t2.*t4.*t6.*6.165052007976885e7-3.524931995384919,0.0,0.0];
