function d_hdDot_ddq = d_hdDot_ddq_betaL(in1,in2)
%D_HDDOT_DDQ_BETAL
%    D_HDDOT_DDQ = D_HDDOT_DDQ_BETAL(IN1,IN2)

%    This function was generated by the Symbolic Math Toolbox version 8.0.
%    01-Dec-2018 16:56:29

alphaR = in1(4,:);
betaR = in1(5,:);
phi = in1(3,:);
t3 = betaR.*(1.0./2.0);
t2 = alphaR+phi+t3;
t4 = t2.^2;
t5 = t4.^2;
t6 = t5.^2;
t7 = alphaR.*1.330601136938362e2;
t8 = betaR.*6.653005684691809e1;
t9 = phi.*1.330601136938362e2;
t10 = t5.*6.869066593308813e4;
t11 = t2.*t5.*5.513699045800326e5;
t12 = t6.*2.317926872823278e7;
t13 = t2.*t6.*1.263487283982537e8;
t14 = t4.*(-1.096702279469362e3)+t7+t8+t9+t10+t11+t12+t13-t2.*t4.*1.290137075236298e4-t4.*t5.*1.857537469744824e6-t4.*t6.*1.098092369825736e8-t2.*t4.*t5.*1.19715655801753e7-t2.*t4.*t6.*5.10584443516923e8+4.17112462597125;
d_hdDot_ddq = [0.0,0.0,t14,t14,alphaR.*6.653005684691809e1+betaR.*3.326502842345904e1+phi.*6.653005684691809e1-t4.*5.483511397346811e2+t5.*3.434533296654407e4+t6.*1.158963436411639e7-t2.*t4.*6.450685376181488e3+t2.*t5.*2.756849522900163e5+t2.*t6.*6.317436419912684e7-t4.*t5.*9.287687348724118e5-t4.*t6.*5.490461849128678e7-t2.*t4.*t5.*5.985782790087651e6-t2.*t4.*t6.*2.552922217584615e8+2.085562312985625,0.0,0.0];
