function yDot = dy_output_vector(in1,in2)
%DY_OUTPUT_VECTOR
%    YDOT = DY_OUTPUT_VECTOR(IN1,IN2)

%    This function was generated by the Symbolic Math Toolbox version 8.0.
%    02-Dec-2018 23:03:08

dqm1 = in1(6,:);
dqm2 = in1(7,:);
dqm3 = in1(8,:);
dqm4 = in1(9,:);
dqm5 = in1(10,:);
qm1 = in1(1,:);
qm2 = in1(2,:);
t3 = qm2.*(1.0./2.0);
t2 = qm1+t3;
t4 = t2.^2;
t5 = t4.^2;
t6 = t5.^2;
yDot = [-dqm3-dqm1.*(qm1.*4.581982493514116+qm2.*2.290991246757058+t4.*1.693701456264893e2-t5.*1.172889741961218e4-t6.*6.349385400842214e6+t2.*t4.*2.479692464048505e2-t2.*t5.*5.827370309263253e3+t2.*t6.*1.151186151109126e7+t4.*t5.*4.115930890267389e5+t4.*t6.*3.536206083025036e7-t2.*t4.*t5.*3.895223709867125e5-t2.*t4.*t6.*8.429243487375871e7-1.516776637355894e-1)-dqm2.*(qm1.*2.290991246757058+qm2.*1.145495623378529+t4.*8.468507281324464e1-t5.*5.864448709806092e3-t6.*3.174692700421107e6+t2.*t4.*1.239846232024253e2-t2.*t5.*2.913685154631626e3+t2.*t6.*5.755930755545631e6+t4.*t5.*2.057965445133694e5+t4.*t6.*1.768103041512518e7-t2.*t4.*t5.*1.947611854933562e5-t2.*t4.*t6.*4.214621743687936e7-7.583883186779468e-2);-dqm2.*(qm1.*1.77927349459624+qm2.*8.896367472981199e-1-t4.*1.79510237140217e1+t5.*3.874088016308689e3+t6.*2.951139088750869e6-t2.*t4.*6.874976152604725e2+t2.*t5.*2.320847828094248e4-t2.*t6.*3.9743528082615e6-t4.*t5.*1.764006494961758e5-t4.*t6.*1.693638009680625e7-t2.*t4.*t5.*1.037786489284025e5+t2.*t4.*t6.*4.041953872993683e7+1.009256454385392)-dqm1.*(qm1.*3.55854698919248+qm2.*1.77927349459624-t4.*3.59020474280434e1+t5.*7.748176032617379e3+t6.*5.902278177501738e6-t2.*t4.*1.374995230520945e3+t2.*t5.*4.641695656188496e4-t2.*t6.*7.948705616522999e6-t4.*t5.*3.528012989923517e5-t4.*t6.*3.38727601936125e7-t2.*t4.*t5.*2.075572978568049e5+t2.*t4.*t6.*8.083907745987365e7+1.851290877078436e-2);dqm4+dqm1.*(qm1.*1.549158094942744e1+qm2.*7.745790474713721-t4.*1.050876906752897e3+t5.*6.0122468789206e4+t6.*2.363543282469634e7-t2.*t4.*1.536615513903077e3+t2.*t5.*4.330709715700727e4-t2.*t6.*1.300784955911084e7-t4.*t5.*1.728466338339869e6-t4.*t6.*1.224783879606145e8-t2.*t4.*t5.*3.621331400071544e4+t2.*t4.*t6.*1.233010401595377e8+7.049863990769837)+dqm2.*(qm1.*7.745790474713721+qm2.*3.872895237356861-t4.*5.254384533764484e2+t5.*3.0061234394603e4+t6.*1.181771641234817e7-t2.*t4.*7.683077569515385e2+t2.*t5.*2.165354857850363e4-t2.*t6.*6.503924779555422e6-t4.*t5.*8.642331691699345e5-t4.*t6.*6.123919398030727e7-t2.*t4.*t5.*1.810665700035772e4+t2.*t4.*t6.*6.165052007976885e7+3.524931995384919);dqm5-dqm2.*(qm1.*6.653005684691809e1+qm2.*3.326502842345904e1-t4.*5.483511397346811e2+t5.*3.434533296654407e4+t6.*1.158963436411639e7-t2.*t4.*6.450685376181488e3+t2.*t5.*2.756849522900163e5+t2.*t6.*6.317436419912684e7-t4.*t5.*9.287687348724118e5-t4.*t6.*5.490461849128678e7-t2.*t4.*t5.*5.985782790087651e6-t2.*t4.*t6.*2.552922217584615e8+2.085562312985625)-dqm1.*(qm1.*1.330601136938362e2+qm2.*6.653005684691809e1-t4.*1.096702279469362e3+t5.*6.869066593308813e4+t6.*2.317926872823278e7-t2.*t4.*1.290137075236298e4+t2.*t5.*5.513699045800326e5+t2.*t6.*1.263487283982537e8-t4.*t5.*1.857537469744824e6-t4.*t6.*1.098092369825736e8-t2.*t4.*t5.*1.19715655801753e7-t2.*t4.*t6.*5.10584443516923e8+4.17112462597125)];
