function IO_FB_term1 = IO_FB_term1_theta_vector(in1,theta,in3)
%IO_FB_TERM1_THETA_VECTOR
%    IO_FB_TERM1 = IO_FB_TERM1_THETA_VECTOR(IN1,THETA,IN3)

%    This function was generated by the Symbolic Math Toolbox version 8.0.
%    04-Dec-2018 20:21:23

dqm1 = in1(6,:);
dqm2 = in1(7,:);
t6 = dqm1.*2.0;
t2 = dqm2+t6;
t3 = theta.^2;
t4 = t3.^2;
t5 = t4.^2;
t7 = t2.^2;
IO_FB_term1 = [t7.*(t3.*-2.644594490703075e18+t4.*1.51861817858962e20-t5.*1.670412617167839e22+theta.*3.613052739096176e17-t3.*t4.*1.886922233249097e21+t3.*t5.*3.204822580282236e23-t3.*theta.*3.714172845097851e19+t4.*theta.*1.669677356368441e21+t5.*theta.*2.090269760079822e23-t3.*t4.*theta.*3.161889354081471e22+5.282922840921183e15).*2.220446049250313e-16;t7.*(t3.*-6.410158786019436e17-t4.*3.591672635576912e20-t5.*5.638013896156092e23+theta.*5.235405755733171e16+t3.*t4.*2.636509864455631e22+t3.*t5.*3.861035462465356e24-t3.*theta.*3.450785331177816e19+t4.*theta.*2.678790984913798e21+t5.*theta.*4.797401112879848e23-t3.*t4.*theta.*6.390533987617233e22+2.036492139797939e15).*(-1.110223024625157e-16);t7.*(t3.*-2.124678959288548e17+t4.*1.664469151094503e19+t5.*8.005185354652743e21+theta.*1.563974033834901e16-t3.*t4.*5.482488907758472e20-t3.*t5.*4.261054473261882e22-t3.*theta.*1.244144008108716e18+t4.*theta.*3.88700418777177e19+t5.*theta.*2.612803257203013e21-t3.*t4.*theta.*5.306557206821082e20+7.03773741250884e14).*2.842170943040401e-14;t7.*(t3.*-2.928170336524785e19+t4.*2.247695747142127e21+t5.*1.219856336590584e24+theta.*2.051868315722172e16-t3.*t4.*7.722778709667699e22-t3.*t5.*7.151782676439591e24+t3.*theta.*6.772797799121913e19-t4.*theta.*5.057144649720441e21-t5.*theta.*8.839985590210896e23+t3.*t4.*theta.*1.185445474273795e23+1.041767181215976e17).*(-4.440892098500626e-16)];
