function IO_FB_term1 = IO_FB_term1_theta_vector(in1,theta,in3)
%IO_FB_TERM1_THETA_VECTOR
%    IO_FB_TERM1 = IO_FB_TERM1_THETA_VECTOR(IN1,THETA,IN3)

%    This function was generated by the Symbolic Math Toolbox version 8.0.
%    04-Dec-2018 19:19:00

dqm1 = in1(6,:);
dqm2 = in1(7,:);
t6 = dqm1.*2.0;
t2 = dqm2+t6;
t3 = theta.^2;
t4 = t3.^2;
t5 = t4.^2;
t7 = t2.^2;
IO_FB_term1 = [t7.*(t3.*-8.375656542811707e17+t4.*3.280517844168485e19-t5.*1.166508342263056e23+theta.*3.813876623655719e17+t3.*t4.*3.069942408449403e21+t3.*t5.*1.043953290290932e24-t3.*theta.*5.28222580484322e19+t4.*theta.*2.780475723553639e21+t5.*theta.*3.981414099454209e23-t3.*t4.*theta.*5.719017945052933e22-5.158853662602077e15).*2.220446049250313e-16;t7.*(t3.*-4.644321005857753e18+t4.*2.61304235344722e20-t5.*8.054502221846419e22+theta.*8.084422370938706e16-t3.*t4.*1.635821196250384e21+t3.*t5.*1.00118380759447e24-t3.*theta.*3.489468269329663e19+t4.*theta.*2.383313698016673e21+t5.*theta.*3.813733754649086e23-t3.*t4.*theta.*5.316299560166767e22+4.006567723626913e15).*(-2.220446049250313e-16);t7.*(t3.*-2.595112895934608e18+t4.*1.218986416367474e20-t5.*6.590491473071595e22+theta.*1.183182211416151e18-t3.*t4.*1.427039840095387e20+t3.*t5.*7.635354629607217e23-t3.*theta.*1.353837640178312e20+t4.*theta.*5.83824026795241e21+t5.*theta.*6.894920279754533e23-t3.*t4.*theta.*1.064445264620428e23+8.720984773902663e15).*4.440892098500626e-16;t7.*(t3.*-6.808899435106701e17+t4.*4.849900970331915e19+t5.*2.000475302811719e22+theta.*3.858678107152026e16-t3.*t4.*1.474242062505596e21-t3.*t5.*9.880526173907755e22-t3.*theta.*4.833675898438858e18+t4.*theta.*1.960688685133482e20+t5.*theta.*1.9317845263928e22-t3.*t4.*theta.*3.26219206272468e21+2.340818275193111e15).*(-1.4210854715202e-14)];
