function y = y_output_vector(in1,in2)
%Y_OUTPUT_VECTOR
%    Y = Y_OUTPUT_VECTOR(IN1,IN2)

%    This function was generated by the Symbolic Math Toolbox version 8.0.
%    02-Dec-2018 23:03:07

PI = in2(:,13);
qm1 = in1(1,:);
qm2 = in1(2,:);
qm3 = in1(3,:);
qm4 = in1(4,:);
qm5 = in1(5,:);
t3 = qm2.*(1.0./2.0);
t2 = qm1+t3;
t4 = t2.^2;
t5 = t4.^2;
t6 = t5.^2;
y = [PI.*2.0+qm1.*1.516776637355894e-1+qm2.*7.583883186779468e-2-qm3-t4.*2.290991246757058-t5.*6.199231160121263e1+t6.*4.869029637333906e4-t2.*t4.*5.645671520882976e1+t2.*t5.*2.345779483922437e3+t2.*t6.*7.05487266760246e5+t4.*t5.*9.712283848772088e2-t4.*t6.*1.151186151109126e6+t5.*t6.*7.024369572813226e6-t2.*t4.*t5.*5.879901271810555e4-t2.*t4.*t6.*3.214732802750033e6-1.314176661386948e-1;qm1.*(-1.851290877078436e-2)-qm2.*1.009256454385392-t4.*1.77927349459624+t5.*3.437488076302362e2+t6.*2.594466223210061e4+t2.*t4.*1.196734914268113e1-t2.*t5.*1.549635206523476e3-t2.*t6.*6.55808686389082e5-t4.*t5.*7.736159426980827e3+t4.*t6.*7.948705616522999e5-t5.*t6.*6.736589788322804e6+t2.*t4.*t5.*5.040018557033595e4+t2.*t4.*t6.*3.079341835782954e6+8.835317111623259e-2;qm1.*7.049863990769837+qm2.*3.524931995384919+qm4+t4.*7.745790474713721-t5.*3.841538784757693e2-t6.*4.52666425008943e3-t2.*t4.*3.502923022509656e2+t2.*t5.*1.20244937578412e4+t2.*t6.*2.626159202744037e6+t4.*t5.*7.217849526167878e3-t4.*t6.*1.300784955911084e6+t5.*t6.*1.027508667996147e7-t2.*t4.*t5.*2.469237626199813e5-t2.*t4.*t6.*1.113439890551041e7-2.202036577396238e-1;qm1.*(-4.17112462597125)-qm2.*2.085562312985625+qm5-t4.*6.653005684691809e1+t5.*3.225342688090744e3+t6.*1.496445697521913e6+t2.*t4.*3.655674264897874e2-t2.*t5.*1.373813318661763e4-t2.*t6.*2.575474303136976e6-t4.*t5.*9.189498409667209e4-t4.*t6.*1.263487283982537e7+t5.*t6.*4.254870362641025e7+t2.*t4.*t5.*2.653624956778319e5+t2.*t4.*t6.*9.982657907506688e6+7.757669226099031e-1];
