function y = y_output_theta_vector(in1,theta,in3)
%Y_OUTPUT_THETA_VECTOR
%    Y = Y_OUTPUT_THETA_VECTOR(IN1,THETA,IN3)

%    This function was generated by the Symbolic Math Toolbox version 8.0.
%    04-Dec-2018 19:18:59

PI = in3(:,13);
qm2 = in1(2,:);
qm3 = in1(3,:);
qm4 = in1(4,:);
qm5 = in1(5,:);
t2 = theta.^2;
t3 = t2.^2;
t4 = t3.^2;
y = [PI.*2.0-qm3-t2.*2.290991246757058-t3.*6.199231160121263e1+t4.*4.869029637333906e4-theta.*1.516776637355894e-1+t2.*t3.*9.712283848772088e2-t2.*t4.*1.151186151109126e6+t3.*t4.*7.024369572813226e6+t2.*theta.*5.645671520882976e1-t3.*theta.*2.345779483922437e3-t4.*theta.*7.05487266760246e5+t2.*t3.*theta.*5.879901271810555e4+t2.*t4.*theta.*3.214732802750033e6-1.314176661386948e-1;-qm2-t2.*1.77927349459624+t3.*3.437488076302362e2+t4.*2.594466223210061e4+theta.*1.851290877078436e-2-t2.*t3.*7.736159426980827e3+t2.*t4.*7.948705616522999e5-t3.*t4.*6.736589788322804e6-t2.*theta.*1.196734914268113e1+t3.*theta.*1.549635206523476e3+t4.*theta.*6.55808686389082e5-t2.*t3.*theta.*5.040018557033595e4-t2.*t4.*theta.*3.079341835782954e6+8.835317111623259e-2;qm4+t2.*7.745790474713721-t3.*3.841538784757693e2-t4.*4.52666425008943e3-theta.*7.049863990769837+t2.*t3.*7.217849526167878e3-t2.*t4.*1.300784955911084e6+t3.*t4.*1.027508667996147e7+t2.*theta.*3.502923022509656e2-t3.*theta.*1.20244937578412e4-t4.*theta.*2.626159202744037e6+t2.*t3.*theta.*2.469237626199813e5+t2.*t4.*theta.*1.113439890551041e7-2.202036577396238e-1;qm5-t2.*6.653005684691809e1+t3.*3.225342688090744e3+t4.*1.496445697521913e6+theta.*4.17112462597125-t2.*t3.*9.189498409667209e4-t2.*t4.*1.263487283982537e7+t3.*t4.*4.254870362641025e7-t2.*theta.*3.655674264897874e2+t3.*theta.*1.373813318661763e4+t4.*theta.*2.575474303136976e6-t2.*t3.*theta.*2.653624956778319e5-t2.*t4.*theta.*9.982657907506688e6+7.757669226099031e-1];
